3956 149 110 0.493427704752
44 14 0
52 23 0
96 21 0
102 23 0
93 20 0
3 3 1
91 21 1
22 10 1
28 29 1
71 76 1
54 23 1
56 41 0
9 6 1
3 28 1
7 12 1
82 15 0
78 11 0
8 1 1
16 68 1
18 18 1
51 32 1
13 10 0
15 40 0
73 18 1
47 22 0
90 39 1
32 79 1
74 79 0
96 9 0
41 33 1
22 31 1
99 7 0
59 78 0
19 32 0
53 19 1
35 86 1
1 42 0
47 20 1
89 20 1
61 18 0
70 9 0
65 18 0
34 5 0
0 21 0
19 49 0
17 100 0
25 42 1
43 16 0
88 92 0
105 49 0
93 47 0
0 16 0
108 43 0
16 59 0
79 27 1
102 92 0
69 14 0
24 29 0
87 47 1
63 10 0
37 27 0
109 7 1
51 12 1
13 34 1
9 1 1
83 5 0
64 9 0
50 32 1
42 30 1
82 78 1
16 10 1
50 3 1
84 12 1
75 11 0
3 22 1
73 8 1
69 31 1
33 6 0
53 6 1
68 85 0
41 4 1
53 47 0
51 8 1
8 16 1
59 10 1
80 19 0
50 1 1
58 1 0
7 14 1
102 27 0
27 93 0
19 9 0
14 51 0
59 2 1
90 32 1
21 18 0
105 19 0
39 39 0
93 134 0
58 7 1
68 6 0
12 96 1
65 21 0
46 7 0
52 7 0
0 26 0
97 32 1
53 10 1
47 40 1
41 95 1
74 138 1
23 31 0
8 33 1
19 43 0
83 24 0
105 142 0
90 82 0
55 29 0
105 93 1
57 18 0
106 10 0
88 13 0
69 9 0
0 10 0
10 15 1
71 4 1
94 81 1
19 15 1
34 18 0
91 13 1
38 85 0
55 4 0
16 34 0
53 4 1
48 93 1
31 23 1
98 9 0
89 92 0
11 34 1
97 14 1
88 79 0
53 51 0
80 100 0
5 29 0
25 9 1
100 7 0
54 18 1
7 89 1
11 8 1
18 34 1
85 28 1
87 15 1
94 21 0
2 69 1
57 30 1
20 80 1
83 19 0
27 23 1
62 18 1
55 32 0
83 23 0
0 7 0
71 92 1
68 40 0
56 78 0
88 21 0
92 14 1
14 30 0
92 107 1
93 43 0
63 14 0
55 49 0
67 43 1
44 39 0
66 33 0
68 51 0
5 18 0
58 16 0
35 40 1
29 46 0
101 112 1
65 79 0
10 80 1
20 31 1
95 49 1
77 5 1
11 33 1
108 21 0
66 26 0
51 91 1
48 20 1
74 9 1
17 81 0
43 23 0
34 16 0
62 8 1
100 21 0
89 43 1
60 105 0
37 47 1
99 50 0
90 13 1
100 78 0
48 22 1
58 51 0
1 6 0
7 30 1
2 67 1
19 30 0
82 14 1
56 23 0
30 0 1
70 10 0
103 49 1
82 6 1
75 9 0
92 38 1
9 23 1
15 95 1
55 34 0
42 22 0
55 43 0
40 46 0
71 47 1
16 74 1
15 79 0
89 8 1
85 4 1
73 21 1
37 80 1
28 16 1
103 79 1
5 11 0
86 20 1
67 32 1
1 20 0
24 51 0
54 80 0
90 3 1
84 19 1
82 29 1
38 12 0
60 32 0
4 23 0
36 76 1
55 15 1
75 32 0
104 29 1
10 22 0
26 28 1
66 19 0
99 30 1
2 4 0
20 6 1
77 9 1
74 32 1
28 87 1
87 6 1
106 34 0
20 49 1
33 25 0
87 10 1
43 7 0
18 11 0
102 34 1
36 20 1
54 34 1
8 7 1
77 34 1
33 29 1
1 1 0
5 50 0
76 11 0
79 90 1
62 85 1
34 48 0
50 12 1
24 19 0
20 12 0
72 33 1
56 81 1
21 12 1
6 14 0
39 22 1
57 1 1
42 39 1
9 92 1
28 19 1
57 10 0
0 18 0
101 27 1
63 76 0
50 6 1
13 2 0
25 27 1
43 78 0
11 13 1
43 18 0
35 22 1
93 23 0
14 16 0
26 21 0
105 30 0
24 28 1
95 6 1
9 7 1
3 29 1
93 8 0
102 18 1
44 15 0
52 20 0
13 16 0
18 32 0
51 33 1
13 11 0
29 79 0
58 8 1
66 13 0
97 34 1
43 1 0
63 31 1
41 32 1
97 33 1
78 10 0
8 0 1
36 27 1
16 69 0
104 21 1
1 43 0
102 3 0
47 21 0
70 51 0
2 10 0
98 4 1
61 40 0
47 33 0
0 20 0
57 28 0
88 33 0
80 67 1
88 27 0
53 130 0
69 23 0
0 17 0
56 14 0
14 11 0
16 58 1
64 3 0
34 31 0
86 27 1
78 33 0
65 23 0
64 34 0
23 14 0
25 43 1
97 76 1
43 11 0
95 46 0
93 28 0
50 31 1
109 91 1
6 31 1
100 4 0
107 91 1
24 21 1
33 80 1
42 43 1
33 1 0
28 30 1
42 42 1
49 21 0
58 2 1
53 12 1
19 8 0
27 92 0
107 34 1
54 11 1
28 21 1
49 30 0
102 43 0
3 23 1
93 29 0
65 25 0
98 75 0
68 21 0
63 21 0
5 27 0
53 11 1
97 13 1
101 104 1
106 8 0
85 29 1
38 125 0
18 33 0
12 79 1
103 27 1
2 16 0
4 51 0
36 42 1
55 28 0
46 6 0
53 21 1
52 4 0
76 40 0
46 92 0
35 48 1
18 6 1
96 32 0
87 34 1
8 30 0
85 12 1
105 29 0
44 27 0
51 128 1
74 22 0
104 40 1
55 7 0
85 76 1
88 111 0
29 47 0
13 5 0
25 32 1
53 83 0
97 81 0
81 5 1
24 93 0
49 28 0
19 12 0
103 92 1
108 27 0
91 10 1
105 22 0
4 10 0
73 29 1
72 92 1
80 27 1
104 9 1
31 22 1
72 10 1
15 24 1
89 91 1
64 13 0
94 22 0
2 68 1
51 5 1
75 14 0
54 1 0
43 48 0
31 95 1
49 19 0
0 6 0
106 45 0
51 51 1
101 1 1
1 7 0
90 46 1
76 47 0
93 42 0
40 21 0
32 16 1
83 18 0
62 19 1
10 34 1
27 20 0
55 33 0
12 6 1
6 9 0
76 33 0
58 11 1
31 8 1
56 56 1
26 46 1
24 8 1
106 31 0
20 32 1
21 43 1
66 30 0
45 33 0
68 5 0
64 25 0
39 10 0
71 42 1
99 14 0
98 16 0
17 80 1
19 18 0
37 30 1
30 31 0
100 22 0
61 22 1
75 29 0
39 43 0
7 81 1
2 29 1
100 27 0
33 77 0
62 7 1
44 9 0
19 4 0
31 79 0
30 1 0
56 20 1
91 39 1
82 10 1
32 77 1
20 18 1
109 23 1
98 12 1
9 20 1
36 21 1
8 6 1
49 4 0
54 33 1
66 78 0
16 80 1
104 8 1
89 9 1
105 78 1
75 8 0
56 99 1
42 31 1
5 10 0
63 5 1
73 15 1
1 21 0
68 79 0
68 22 0
32 48 0
60 24 0
77 40 1
4 22 0
42 9 0
30 50 0
56 69 1
81 11 1
101 21 0
82 27 1
51 76 1
88 9 0
80 131 1
64 23 0
64 103 0
88 12 0
87 7 1
69 11 0
67 15 1
75 33 0
10 23 1
18 10 1
95 21 1
56 3 0
53 34 1
57 50 0
22 18 1
60 42 0
108 9 0
102 33 1
78 25 0
97 50 1
78 19 0
58 90 1
87 13 1
72 32 1
20 13 0
79 40 1
36 28 1
3 34 1
50 49 1
89 27 1
86 8 1
17 9 1
73 32 1
80 30 1
70 34 0
5 34 0
76 10 0
34 49 0
3 76 1
88 43 0
67 22 1
108 12 0
97 107 1
2 55 0
50 7 1
59 86 1
21 22 1
84 22 0
1 27 0
25 20 1
66 49 0
11 10 1
97 7 1
0 19 0
57 11 0
26 20 1
103 12 1
79 21 0
62 43 1
33 9 0
44 16 0
52 21 0
96 27 0
20 50 0
58 33 0
2 31 0
93 22 0
58 9 1
66 14 0
108 11 0
39 6 1
56 43 0
93 11 0
18 43 0
97 30 0
27 43 0
92 6 1
51 34 1
13 12 0
99 28 0
83 14 0
59 4 1
44 7 0
41 22 1
68 4 0
74 4 0
81 22 1
1 44 0
2 11 0
75 77 0
64 2 0
89 5 1
18 8 1
34 30 0
45 49 0
29 25 0
20 1 1
2 58 0
61 29 1
43 10 0
76 43 0
101 22 0
100 39 0
56 13 0
14 10 0
66 109 1
27 31 1
100 5 1
6 32 0
30 89 0
24 20 0
77 23 0
88 23 0
17 30 1
52 33 0
21 49 0
28 31 1
38 75 1
51 10 1
13 32 1
75 47 0
50 30 1
76 34 0
54 10 1
16 16 0
49 33 0
75 13 0
73 3 1
50 43 1
91 7 1
80 21 1
8 10 1
5 24 0
58 3 0
7 16 1
35 79 1
24 22 0
12 78 1
6 88 1
97 41 1
3 43 1
94 23 0
57 32 0
108 3 0
68 29 0
103 28 1
12 94 1
0 34 0
46 1 0
52 5 0
35 120 0
62 10 1
49 6 0
18 7 1
35 115 1
8 31 1
54 82 1
40 18 0
32 27 1
74 23 0
71 19 1
103 4 1
83 33 0
77 21 0
6 39 1
13 4 0
57 19 1
80 141 1
25 31 0
16 39 0
20 33 1
63 3 0
81 13 1
49 29 0
91 11 1
75 16 1
55 6 0
16 36 0
105 9 0
3 11 1
49 18 0
95 27 1
72 13 1
24 45 1
10 93 0
37 109 1
99 32 1
34 109 0
43 33 0
54 43 0
85 80 1
109 42 0
96 94 0
4 11 0
93 111 0
11 23 1
97 43 1
1 4 0
60 79 0
11 95 1
40 50 0
57 27 0
26 5 1
18 29 1
56 21 1
56 21 0
92 76 1
27 21 0
0 5 0
23 38 1
31 96 1
71 94 1
81 80 1
109 6 0
91 50 1
28 79 1
15 81 1
26 45 0
83 9 0
89 22 1
16 46 0
66 31 0
90 86 0
12 7 1
6 8 0
58 10 1
70 16 0
88 10 0
35 27 0
82 88 0
13 51 1
39 14 1
21 105 0
12 22 1
77 43 0
38 10 0
14 32 0
105 23 0
98 19 1
65 51 0
27 6 0
76 79 0
69 28 1
41 43 1
96 34 0
17 87 0
94 18 0
105 32 1
19 19 0
53 32 1
74 18 1
102 30 1
103 32 1
102 39 0
95 30 1
43 34 0
103 31 1
36 22 1
6 41 1
47 76 1
60 92 0
56 28 0
6 13 0
65 1 0
72 4 1
49 11 0
20 19 0
9 21 1
105 79 0
29 8 0
63 92 1
7 0 1
45 22 0
91 23 1
101 6 1
75 7 0
92 33 1
63 79 1
40 29 0
23 27 0
57 9 0
73 27 1
37 82 1
28 14 1
67 47 1
99 21 1
58 19 1
105 145 0
58 34 0
68 18 0
4 32 0
104 11 1
54 30 0
79 51 1
80 2 1
11 11 1
61 23 0
69 10 1
80 130 1
55 13 0
75 30 0
30 27 0
39 8 1
61 133 0
88 8 0
79 18 1
69 27 1
98 27 1
101 20 0
17 47 0
64 22 0
101 47 1
107 19 1
48 24 1
78 18 0
33 23 0
102 32 0
103 39 1
36 29 1
16 67 0
63 33 0
3 33 1
105 12 0
17 16 0
69 16 0
54 29 0
46 31 0
24 24 0
94 7 0
12 16 1
20 10 1
77 18 0
21 23 0
30 30 0
9 27 1
17 8 0
91 37 1
48 29 1
64 32 0
65 41 0
67 23 1
88 42 0
108 46 0
17 51 1
9 19 1
91 27 1
2 59 1
73 11 1
43 13 0
11 18 1
58 32 0
22 9 1
40 75 0
26 23 1
106 135 1
73 47 1
59 30 1
36 19 1
106 16 0
20 51 0
13 29 0
106 21 0
13 13 0
41 78 1
22 13 1
31 3 1
66 15 0
41 23 1
85 21 1
23 95 1
35 76 0
102 4 1
60 7 0
5 25 1
17 10 0
47 23 1
100 14 0
1 10 0
84 32 0
101 34 1
44 8 0
99 76 0
28 22 0
17 1 0
39 33 1
22 34 0
97 8 1
0 11 0
56 12 0
14 13 0
82 32 1
106 27 0
58 28 1
50 48 1
18 9 1
17 31 0
73 13 1
44 95 0
36 51 1
32 20 0
74 20 1
48 14 1
2 51 1
21 46 0
27 30 0
6 33 0
100 2 0
98 93 0
61 4 0
36 16 0
99 31 0
50 40 1
52 51 0
72 15 1
7 11 1
84 49 0
92 29 1
11 29 1
96 22 1
109 8 0
49 32 0
42 12 0
37 43 0
60 9 0
38 28 0
68 28 0
11 5 1
43 32 0
86 77 1
53 13 0
62 11 1
78 76 0
18 31 1
101 10 1
2 14 1
106 1 0
1 16 0
100 79 0
49 80 1
35 114 1
26 43 1
103 7 1
83 32 1
14 18 0
22 32 1
10 13 1
45 39 0
69 79 1
59 27 1
20 34 1
40 10 0
47 16 0
96 16 0
5 7 0
104 42 1
16 31 0
31 9 1
100 8 0
99 15 0
13 3 0
25 30 1
2 28 1
99 16 0
53 81 0
33 8 0
24 91 1
61 43 0
51 18 1
60 23 0
52 12 0
19 10 0
75 19 0
56 60 1
4 12 0
11 22 1
3 10 1
108 8 1
72 12 1
107 1 1
26 4 1
82 13 1
100 31 0
53 33 0
81 4 1
80 143 1
74 3 0
89 46 1
108 6 0
0 4 0
106 43 0
51 29 1
74 92 0
101 44 1
1 5 0
107 51 1
18 51 1
42 1 1
84 42 0
47 18 1
32 6 1
21 86 0
46 9 0
68 16 0
12 4 1
71 0 1
76 31 0
99 11 0
87 21 1
44 34 0
77 11 0
92 11 1
39 15 1
82 8 1
12 23 1
108 50 0
39 5 1
101 23 1
2 30 0
63 6 1
98 18 0
81 14 1
13 9 0
80 43 0
46 49 0
31 39 1
82 5 1
99 41 0
68 11 0
95 14 1
61 34 0
90 9 1
90 47 1
38 50 0
90 14 1
105 33 0
15 31 1
27 7 1
62 5 1
69 29 1
32 89 1
6 40 0
90 12 0
56 29 1
106 51 0
49 10 0
70 100 0
34 41 0
8 4 1
36 23 1
70 27 0
54 31 0
75 6 0
38 6 0
74 43 1
64 20 0
57 8 0
28 47 1
81 32 1
65 30 0
5 16 0
58 18 0
29 9 0
7 1 1
91 22 1
45 23 0
4 33 0
38 18 0
2 50 1
22 27 1
19 22 0
56 18 1
56 18 0
37 22 1
15 9 0
82 25 1
46 43 0
43 15 0
66 47 1
79 29 1
71 29 1
93 41 0
36 8 1
64 21 0
66 1 0
28 80 1
109 43 0
88 7 0
55 10 0
75 31 0
81 9 1
75 95 1
11 51 1
107 109 1
56 1 1
79 19 1
69 20 0
96 39 0
45 1 0
13 28 0
8 18 1
20 11 1
70 109 0
16 64 0
63 32 0
3 32 1
104 1 1
62 26 1
78 9 0
105 14 1
105 83 0
47 34 0
41 126 1
78 87 0
91 31 1
14 79 0
18 80 1
61 11 0
4 44 0
22 29 1
11 19 1
43 12 0
15 12 0
81 31 1
91 40 1
49 85 0
82 33 1
0 12 0
103 10 1
45 31 0
26 22 1
74 15 1
100 43 0
79 23 0
37 39 0
98 3 1
87 43 1
9 18 1
81 76 1
44 10 0
52 27 0
62 33 1
22 8 1
105 6 0
5 82 0
22 14 1
66 16 0
55 16 0
10 27 0
36 18 1
106 22 0
35 3 0
60 6 0
53 43 1
72 14 1
13 21 1
9 45 0
11 28 1
23 49 1
38 19 0
59 6 1
31 15 1
41 20 1
94 33 0
42 33 0
39 30 1
17 11 1
64 4 0
63 78 0
86 24 1
84 33 0
12 42 1
60 18 0
29 27 0
36 50 1
69 5 1
58 43 1
32 21 0
74 21 0
103 6 1
77 7 0
106 14 0
55 22 0
83 31 0
93 39 0
21 47 1
44 28 0
27 33 1
100 3 0
14 29 0
34 93 0
88 18 0
73 51 1
57 75 0
20 23 1
45 14 0
6 25 1
92 40 1
22 1 1
57 106 0
10 1 0
57 82 0
96 23 0
45 76 0
70 95 0
16 14 0
61 5 0
10 43 0
105 110 0
73 5 1
36 11 1
5 76 0
50 41 0
80 28 1
11 4 1
104 111 1
4 13 0
25 78 0
109 11 0
11 21 1
78 48 1
39 48 0
51 15 1
18 30 1
86 92 1
37 42 0
60 8 0
38 29 1
22 78 1
76 4 0
32 8 1
0 32 0
47 11 1
53 14 0
3 50 1
23 43 0
22 33 1
52 11 0
35 117 1
18 1 1
1 40 0
7 44 1
89 19 1
31 88 1
58 79 1
40 11 0
5 4 0
16 40 1
96 15 0
24 5 1
59 12 1
12 5 1
98 7 1
56 66 1
58 12 1
76 30 0
47 85 1
100 51 0
29 42 0
102 45 1
62 6 1
52 14 0
63 1 0
51 19 1
60 22 0
19 11 0
2 27 0
91 43 1
108 79 1
100 9 0
95 12 0
3 13 1
31 27 1
105 50 0
63 22 0
98 21 0
89 10 0
59 29 1
79 33 0
89 47 1
107 39 1
20 43 1
10 32 0
90 17 1
84 81 0
79 136 1
95 9 0
7 34 1
45 3 0
81 43 1
64 7 0
26 3 1
99 22 1
44 82 0
32 7 0
46 8 0
76 80 0
50 79 1
108 7 0
81 30 1
65 10 0
0 3 0
23 22 0
109 4 1
87 22 1
92 10 1
62 14 1
35 119 0
28 4 1
91 8 1
39 4 1
25 29 1
42 51 0
8 48 0
92 28 1
89 3 0
43 90 0
76 39 0
5 15 0
96 13 0
35 21 0
46 48 0
85 34 1
21 107 0
14 80 0
104 27 1
85 111 1
61 33 0
72 29 1
63 7 0
22 28 1
47 6 1
4 28 0
55 9 0
13 8 0
86 136 0
15 32 0
62 4 1
14 43 0
13 92 1
64 78 0
105 30 1
98 28 1
95 15 1
52 34 0
95 31 1
107 30 1
93 15 0
52 128 0
18 15 0
2 70 1
74 6 0
71 107 1
26 9 1
8 3 1
16 3 0
51 30 1
6 43 0
84 29 0
74 30 1
91 5 1
62 29 1
83 12 0
65 3 0
51 21 1
16 78 0
78 8 0
55 30 0
80 6 1
38 7 0
101 4 1
75 5 0
63 19 1
106 92 0
25 49 1
15 18 1
19 21 0
81 23 1
29 21 0
67 21 1
25 14 1
0 14 0
4 30 0
91 76 1
88 6 0
87 29 1
72 31 1
100 77 0
55 11 0
15 8 0
82 9 1
39 79 0
67 18 1
46 42 0
46 111 0
85 40 1
102 9 1
69 21 0
27 11 0
108 113 0
36 9 1
17 45 1
81 78 1
42 76 0
33 41 0
8 19 1
93 1 0
50 47 1
7 19 1
20 9 1
16 65 1
54 50 1
56 22 1
3 31 1
88 85 0
46 12 0
106 23 0
43 8 0
76 15 0
5 31 0
40 34 0
17 18 0
7 29 1
12 14 1
106 46 0
55 50 0
68 135 0
62 31 1
14 78 0
8 50 0
104 6 1
0 29 1
65 32 0
98 20 0
108 86 0
0 13 0
56 10 0
66 3 0
78 40 0
71 21 1
49 27 0
19 27 0
74 27 0
72 17 1
61 10 0
25 47 1
4 43 0
109 49 0
75 43 0
97 18 1
52 29 0
81 39 1
78 26 0
14 22 0
85 9 1
51 78 1
79 22 1
6 23 0
70 0 0
40 88 0
10 20 0
96 42 0
99 12 0
82 16 1
44 11 0
8 79 1
97 11 1
109 32 0
89 16 1
73 19 1
69 39 1
24 79 0
41 21 1
96 8 0
85 27 1
15 50 0
46 18 1
11 27 1
80 22 1
53 42 0
78 1 0
93 7 0
45 43 0
80 11 1
95 33 1
85 46 1
101 32 1
12 43 0
43 86 0
60 19 0
94 32 0
42 34 0
17 7 0
39 31 1
40 3 0
77 6 0
59 18 1
103 1 0
55 21 0
34 22 0
52 10 0
62 40 1
34 92 0
48 9 1
88 24 0
49 77 0
65 33 0
69 6 0
102 6 0
32 22 0
16 57 1
106 18 0
107 95 1
4 3 0
27 32 0
79 6 1
53 122 0
10 40 0
16 55 1
36 10 1
25 23 1
99 33 0
20 22 1
69 13 0
98 11 1
44 18 0
12 31 0
70 18 0
4 14 0
11 20 1
75 23 0
87 92 1
9 40 1
42 10 1
95 80 1
22 79 1
57 31 0
90 11 0
11 7 1
43 30 0
78 109 0
48 48 1
47 10 1
70 44 0
53 15 0
83 10 0
85 78 1
85 6 1
103 23 1
55 3 0
25 1 1
1 41 0
58 78 1
54 81 0
59 48 1
79 4 1
0 33 0
35 116 1
81 3 1
81 28 1
59 13 1
24 4 1
77 47 1
56 67 1
84 41 0
23 23 0
8 41 1
44 32 0
67 48 1
4 21 0
55 27 0
21 39 1
39 18 1
80 144 0
84 14 0
5 5 0
66 34 0
4 9 0
2 26 1
47 8 1
92 27 1
91 4 1
78 29 0
58 22 1
83 80 0
13 1 0
35 18 0
92 31 0
63 23 1
10 94 0
98 22 0
100 6 0
59 88 1
106 104 0
60 21 0
20 42 0
105 31 0
10 31 1
94 15 0
27 5 0
15 33 0
62 3 1
107 3 1
90 38 1
82 11 1
53 31 0
74 1 0
108 4 0
85 19 1
65 13 0
0 2 0
92 92 1
84 80 0
74 12 1
47 43 1
36 33 1
71 135 0
36 49 1
24 16 1
92 5 1
84 23 0
7 3 1
72 46 1
67 28 1
108 15 0
45 21 0
32 19 1
107 78 1
12 21 1
97 4 1
3 78 1
39 3 1
103 134 1
2 32 1
2 32 0
31 7 1
21 106 1
47 7 0
63 4 0
55 8 0
83 30 1
69 90 1
15 1 0
5 3 0
63 80 1
6 3 0
82 7 1
98 29 1
13 7 1
18 90 0
25 34 1
61 32 0
55 23 1
48 46 1
93 16 0
26 14 0
87 4 1
48 30 1
33 31 0
60 43 0
27 10 0
1 31 0
56 51 0
6 42 1
81 8 1
60 91 0
96 31 0
52 9 0
65 43 0
69 103 1
109 27 0
88 76 0
49 16 0
34 43 0
2 71 0
54 6 1
87 18 1
26 8 1
40 32 0
75 4 0
38 4 0
68 41 0
101 3 1
63 18 1
62 28 1
43 5 0
96 12 0
27 51 1
36 34 1
86 1 1
48 82 1
29 22 0
66 9 0
47 32 0
55 51 0
45 28 0
91 29 1
0 15 0
89 6 0
4 31 0
89 33 1
39 9 1
23 3 1
22 21 1
87 23 1
19 20 0
105 61 0
30 22 0
82 23 1
72 3 1
35 29 0
16 27 0
71 27 1
105 3 0
80 20 1
64 27 0
28 82 1
100 29 0
88 5 0
88 80 1
3 4 1
99 18 0
7 18 1
6 22 0
46 38 0
59 33 1
73 10 1
61 50 0
27 19 0
87 8 1
103 21 1
102 8 0
46 13 0
62 30 1
66 18 0
28 23 1
22 42 1
68 95 0
109 134 1
44 51 0
12 13 1
77 10 0
102 81 0
20 8 1
67 7 1
61 21 0
8 51 1
9 22 1
109 21 1
43 9 0
76 14 0
105 34 1
1 32 0
91 42 1
101 43 1
64 6 0
33 14 0
84 31 0
47 29 1
19 38 1
25 11 1
61 13 0
4 42 0
96 1 0
66 22 0
18 4 1
57 20 0
15 10 0
1 3 0
64 134 0
49 87 0
9 16 0
99 4 0
14 23 0
71 18 1
87 41 1
10 4 0
61 6 0
59 7 1
44 12 0
5 81 0
73 4 1
5 78 0
73 92 1
54 14 0
28 24 1
71 3 1
61 7 0
63 29 1
36 13 1
102 7 1
35 75 0
11 9 1
68 43 0
13 23 0
80 61 1
45 29 0
109 29 0
99 49 0
80 12 0
93 6 0
51 17 1
57 21 0
92 23 1
95 34 1
15 51 0
31 100 1
100 11 0
17 6 0
105 130 1
101 33 1
71 50 1
102 87 0
86 31 1
34 23 0
42 32 1
18 3 1
63 93 0
7 42 1
48 8 1
92 4 1
69 7 0
89 29 0
32 23 1
39 95 1
40 2 1
26 40 1
77 1 1
68 1 0
36 80 1
58 6 1
100 1 0
107 14 1
62 39 1
37 32 1
65 22 0
17 34 0
49 76 0
57 109 0
20 21 1
44 19 0
26 81 0
51 14 1
16 56 0
102 14 0
109 1 1
22 7 1
109 47 1
10 3 1
53 3 1
33 33 0
75 22 0
3 15 1
64 50 0
91 18 1
35 19 0
83 39 1
63 20 0
8 21 1
86 40 1
11 6 1
87 79 1
14 46 0
31 29 1
38 27 0
90 27 1
29 16 0
99 29 0
43 40 0
72 9 1
108 37 0
30 15 0
84 6 0
57 16 0
79 79 1
41 51 1
65 15 0
103 22 0
76 6 0
1 13 0
0 30 1
65 27 0
85 22 1
47 13 1
8 90 1
53 16 0
37 12 0
23 20 0
28 43 1
67 49 1
44 33 0
48 16 1
36 32 1
29 2 0
14 5 0
105 131 1
5 12 1
88 22 0
32 47 1
84 15 0
101 2 0
60 80 0
24 7 1
26 49 1
12 3 1
84 40 0
35 47 0
80 145 1
58 23 1
50 20 1
48 1 1
106 9 0
13 43 1
101 5 1
95 43 1
66 29 0
18 77 1
40 19 0
17 32 0
4 8 0
47 9 1
30 39 0
94 14 0
78 32 0
15 34 0
101 100 1
35 10 0
90 4 0
104 39 1
79 12 1
69 4 0
77 75 1
96 50 0
7 76 1
98 14 1
100 32 1
1 36 0
10 30 0
11 44 1
54 8 1
53 23 0
70 79 1
107 2 1
42 18 1
26 1 0
64 33 0
56 34 1
32 1 1
108 5 0
0 1 0
30 9 0
65 12 0
67 29 1
103 40 1
99 9 0
7 4 1
40 33 0
109 18 1
38 5 1
75 3 0
43 43 0
9 39 1
48 10 1
42 29 1
39 2 0
2 33 0
58 29 0
21 20 0
106 40 0
107 79 1
86 88 0
89 1 0
80 95 1
96 11 0
79 30 1
45 8 0
32 18 1
97 20 1
21 31 0
89 21 0
14 86 0
91 0 1
13 6 1
80 33 1
25 33 1
61 31 0
31 6 1
82 51 1
31 34 1
68 3 0
69 19 0
48 31 0
28 7 1
33 32 1
17 43 0
76 5 0
107 32 1
49 5 0
76 20 0
67 16 1
95 7 1
7 21 1
2 72 1
54 7 1
63 11 0
4 79 0
86 14 1
1 30 0
56 50 1
16 1 1
32 9 1
77 16 0
27 50 1
97 27 1
50 91 1
26 7 0
76 22 0
65 5 0
51 27 1
21 15 0
101 39 1
39 34 1
91 28 1
21 27 0
95 23 1
37 4 1
104 4 1
73 30 1
2 57 1
92 8 1
55 81 0
66 8 0
29 23 0
67 27 1
80 83 1
47 31 0
106 78 0
63 43 0
35 28 1
7 13 1
16 24 0
89 7 1
77 50 1
37 23 1
38 107 0
74 39 0
88 4 0
83 4 0
58 4 1
82 22 1
30 23 0
104 23 1
95 1 1
6 21 1
64 29 0
59 34 1
108 47 0
27 18 0
10 5 0
2 3 0
17 27 0
67 11 1
45 18 0
28 1 1
33 34 1
107 81 1
108 22 0
49 31 0
33 43 0
73 1 1
82 30 0
3 5 1
105 16 1
54 25 0
33 109 0
16 63 0
67 4 1
98 43 1
87 9 1
16 8 1
56 59 1
99 23 0
46 10 0
109 30 0
5 33 0
12 12 1
109 20 0
20 14 1
101 30 1
68 34 0
33 15 1
52 18 0
19 39 0
55 86 0
94 30 0
17 5 0
18 5 0
94 8 0
57 23 0
15 11 0
109 12 1
38 39 1
34 29 0
47 51 0
103 9 1
71 23 1
34 3 0
19 25 0
25 10 1
61 12 0
70 7 0
35 37 0
25 45 0
79 3 1
53 76 0
32 34 0
80 29 1
50 9 1
80 4 1
39 76 1
26 27 1
71 2 1
17 29 0
36 12 1
41 13 1
52 41 0
82 40 1
45 11 0
104 81 1
29 111 0
46 103 0
13 22 1
86 79 1
72 11 1
64 46 0
28 39 1
63 26 1
89 14 0
96 43 0
68 9 0
93 5 0
41 27 1
31 10 1
92 20 0
19 3 0
66 43 0
102 0 0
35 72 1
60 3 0
25 4 1
67 91 1
17 14 0
105 10 1
78 12 0
46 16 0
74 10 0
90 29 1
29 18 0
109 22 0
40 43 0
7 43 1
108 41 1
76 7 0
0 31 0
30 42 0
40 1 0
24 9 1
26 47 1
100 75 1
103 3 1
75 2 0
34 20 0
52 16 1
87 33 1
37 33 1
77 29 0
26 30 1
78 7 0
60 11 0
18 78 0
22 6 1
4 1 0
4 47 0
34 9 0
27 34 1
97 26 1
38 82 0
77 33 1
68 7 0
38 41 0
13 42 0
105 39 0
46 22 0
80 39 0
31 28 1
14 47 0
12 33 1
4 16 0
95 11 1
101 82 1
3 14 1
91 19 1
64 51 0
15 23 0
96 79 0
41 8 1
27 77 1
68 30 0
42 16 1
41 50 1
94 43 0
67 19 1
35 9 1
11 1 1
105 25 0
85 23 1
64 18 0
47 12 0
8 91 1
94 28 0
60 5 0
38 24 0
29 11 0
25 3 1
66 76 0
29 3 0
70 31 0
55 39 0
14 6 0
30 6 0
98 6 0
103 76 1
59 11 1
24 6 1
68 33 0
12 0 1
37 13 1
74 40 1
23 21 1
83 6 0
44 30 0
27 29 0
74 8 0
105 143 1
48 0 1
16 92 1
32 11 1
102 19 1
1 37 0
23 30 1
97 6 1
16 43 1
17 33 0
2 24 0
41 11 1
84 82 0
24 30 0
47 80 0
10 33 1
35 11 0
79 13 1
82 1 1
85 15 1
60 34 0
66 88 0
21 5 0
45 32 1
61 30 0
69 25 1
60 44 0
99 6 0
33 28 0
77 8 1
95 18 1
27 3 0
89 80 1
62 1 1
57 42 0
42 19 1
107 5 1
26 0 1
1 39 0
71 9 0
86 12 1
68 100 0
0 0 0
98 5 1
106 15 0
18 26 1
54 9 0
53 22 0
40 30 0
95 29 1
38 2 1
74 47 1
103 43 1
15 43 0
91 6 1
21 21 0
109 19 1
92 3 1
15 93 0
99 8 0
7 5 1
58 92 0
21 30 1
86 21 1
39 11 1
43 79 0
48 11 1
42 28 1
102 78 0
39 1 1
16 22 1
31 5 1
47 1 0
96 51 0
81 10 1
84 10 0
32 42 1
15 3 1
96 10 0
45 9 0
71 10 1
105 1 0
23 19 1
10 29 0
37 51 1
45 95 0
93 10 0
33 48 0
18 16 1
5 1 0
81 75 0
23 16 1
94 5 0
26 16 1
107 33 1
28 6 1
59 23 1
1 33 0
16 6 0
56 8 1
76 18 0
30 8 0
52 31 0
96 33 0
67 2 1
26 6 1
18 28 0
50 27 1
65 6 0
44 6 0
85 30 1
7 22 1
74 5 1
1 8 0
55 1 0
41 34 1
95 22 0
84 39 0
37 7 1
94 39 0
85 49 1
73 78 1
5 32 0
76 16 0
99 43 0
86 3 1
85 94 1
29 24 1
47 30 1
88 45 1
17 3 0
76 101 0
84 25 0
57 7 0
89 4 1
77 51 0
73 31 1
25 19 1
23 1 0
42 21 1
3 77 1
2 54 1
22 23 1
68 15 0
46 30 0
46 29 0
30 20 0
82 21 1
39 7 0
67 75 0
86 50 1
23 12 1
67 10 1
10 6 0
49 40 0
81 18 1
50 16 1
79 2 1
5 83 0
20 29 1
10 14 1
32 33 1
97 10 1
88 3 0
36 14 1
3 6 1
98 92 1
89 12 0
50 42 1
102 11 0
86 5 1
6 20 0
71 8 1
69 43 1
16 9 0
16 9 1
83 77 0
89 11 0
73 6 1
46 11 0
2 7 0
38 49 0
26 79 1
33 42 0
19 5 0
79 78 1
12 11 1
82 43 1
8 9 1
16 60 1
68 27 0
102 1 0
72 39 1
21 16 0
9 80 1
17 4 0
101 31 1
59 43 1
78 4 0
37 1 1
38 38 0
105 51 1
103 8 1
23 51 0
69 18 0
49 3 0
33 12 1
47 95 1
57 45 1
72 50 1
61 15 1
70 4 0
94 9 0
31 50 1
23 8 1
84 27 0
49 92 0
46 50 0
25 79 1
76 51 0
14 25 0
49 23 0
2 52 1
70 13 1
19 24 0
44 21 0
100 33 0
50 29 1
20 27 1
45 10 0
102 16 1
16 54 0
66 21 0
22 5 1
68 8 0
78 82 0
54 16 0
77 22 1
6 29 1
91 20 0
61 1 0
17 28 0
56 57 1
9 49 1
35 7 0
8 29 1
9 4 1
49 39 0
84 3 0
54 28 0
93 4 0
31 11 1
92 21 1
41 24 1
103 20 1
81 51 1
18 39 1
74 16 0
64 19 0
2 66 1
67 94 1
59 9 1
86 33 1
34 21 0
83 8 1
78 27 0
33 18 0
6 4 0
32 4 1
107 21 1
40 42 0
69 1 1
104 12 0
55 77 0
81 33 1
52 2 0
0 23 0
103 2 1
77 3 0
56 76 0
85 7 1
86 29 1
86 23 1
87 32 1
51 26 1
37 34 0
26 31 1
104 24 1
46 21 0
50 21 1
41 10 1
66 81 1
2 23 1
81 6 1
53 1 1
94 19 0
104 79 1
75 51 0
81 12 1
2 73 0
24 43 0
8 23 1
35 8 1
90 90 1
91 16 1
75 39 0
33 0 0
27 80 1
68 2 0
60 4 0
94 29 0
29 10 0
51 9 0
15 22 0
9 43 1
30 13 0
31 18 1
84 4 0
107 11 1
103 29 1
30 7 1
68 48 1
32 3 1
86 13 1
62 23 1
6 85 0
37 10 0
109 10 0
44 31 0
83 11 0
36 30 1
105 18 0
29 4 0
14 7 0
32 10 0
52 8 0
106 32 1
104 5 1
97 5 1
23 33 1
9 31 1
48 18 1
40 9 0
36 43 1
24 1 0
12 1 1
20 39 1
102 76 0
106 3 0
24 31 1
109 77 1
5 8 0
95 147 0
32 31 1
48 7 1
27 4 1
17 39 0
67 6 1
21 6 0
89 30 1
16 23 0
2 47 1
31 4 1
31 32 1
47 2 1
46 27 0
14 39 0
94 16 0
26 18 0
73 81 1
98 10 1
90 6 0
79 14 0
52 49 0
85 14 1
98 94 0
34 13 0
1 38 1
108 24 1
81 1 1
37 124 1
49 7 0
100 34 0
80 32 1
18 27 0
107 4 1
56 33 0
77 14 0
91 1 1
97 21 1
83 16 0
67 3 1
65 7 0
91 85 1
104 3 1
6 18 1
23 29 0
7 6 1
21 14 0
80 5 0
95 28 1
40 31 0
38 3 0
92 43 1
75 1 0
16 71 0
22 95 1
14 1 0
24 15 1
76 27 0
56 61 1
92 0 1
32 43 1
84 11 0
88 34 0
5 6 0
99 19 0
94 51 0
70 137 0
39 12 1
61 24 0
11 16 1
2 49 0
36 93 1
89 39 1
68 12 0
82 20 1
30 21 0
103 16 1
40 4 0
71 11 1
109 3 0
23 18 0
109 5 0
87 1 1
100 23 0
90 10 1
52 30 0
2 9 0
2 9 1
28 9 1
43 25 0
81 7 1
103 48 1
7 23 1
2 74 1
1 9 0
59 22 1
20 3 1
16 7 0
16 7 1
109 16 1
56 9 1
102 51 0
86 4 1
41 3 1
13 14 0
79 34 1
100 40 0
12 10 1
17 2 0
45 51 0
84 1 0
39 32 0
70 15 0
76 19 0
78 2 0
92 9 1
85 31 1
37 6 1
25 18 1
42 20 0
23 6 0
22 22 1
70 14 0
35 32 0
19 102 0
86 6 1
72 6 1
86 51 0
57 6 0
90 5 1
12 51 1
4 34 0
7 51 1
79 1 1
54 40 1
32 32 1
42 7 1
51 40 1
27 110 1
107 10 1
22 43 1
45 16 0
95 3 1
6 27 0
22 3 1
23 11 0
10 7 1
17 21 0
61 8 0
102 10 0
65 4 0
2 6 1
72 77 1
28 3 1
86 19 0
95 26 1
3 7 1
46 3 0
20 104 1
91 90 1
93 18 0
74 34 0
74 7 0
54 27 0
8 8 1
96 95 0
16 61 1
108 32 0
69 40 0
83 76 0
5 43 1
5 22 0
25 6 1
64 10 0
51 4 0
108 33 0
12 19 1
29 15 0
55 94 0
2 18 1
2 18 0
31 51 1
108 82 0
23 9 1
81 34 1
65 36 0
60 10 0
88 15 0
8 85 1
96 4 0
66 7 0
2 53 0
34 1 0
19 23 0
107 40 1
25 12 0
61 14 0
70 5 0
16 53 1
22 4 1
77 27 1
79 31 1
41 19 1
32 29 1
4 7 0
42 4 1
10 11 0
6 28 1
94 13 0
61 2 0
104 50 1
56 32 1
82 42 0
9 5 1
8 28 1
73 48 1
84 76 0
97 79 1
25 75 0
93 3 0
30 19 0
105 43 1
35 6 0
55 95 1
64 43 0
89 48 0
53 27 1
2 65 1
39 51 1
38 22 0
29 13 0
90 22 1
56 30 1
32 5 1
65 16 0
76 1 0
70 39 1
52 3 0
0 22 1
83 28 0
40 7 0
104 10 1
59 8 1
34 26 0
6 7 1
12 8 1
33 19 0
97 3 1
19 47 0
87 31 1
91 41 1
70 3 0
19 14 0
69 2 0
95 8 1
56 63 1
50 22 1
2 22 0
95 50 1
106 4 0
54 104 0
24 32 1
19 16 0
98 40 1
90 8 1
46 75 0
46 79 0
47 4 1
59 132 1
13 40 1
52 40 0
56 16 1
72 18 1
33 3 0
30 85 0
28 32 1
13 33 0
3 16 1
15 21 1
31 19 1
30 12 0
42 14 1
4 18 0
8 22 1
11 3 1
62 22 1
86 10 1
107 23 1
82 18 1
77 39 1
38 21 0
97 51 1
28 78 1
2 63 1
22 76 1
29 5 0
70 33 0
64 1 0
56 27 1
51 23 1
30 4 1
109 9 1
101 9 0
48 19 1
27 27 0
40 8 0
83 27 0
77 31 1
72 28 1
6 84 0
14 8 0
37 11 1
46 0 0
87 27 1
2 56 0
5 9 1
77 4 1
96 18 0
48 6 1
78 22 0
82 31 1
6 1 0
87 30 1
92 18 1
23 32 0
45 7 0
2 46 1
31 33 1
47 3 0
20 15 0
25 21 1
90 7 0
98 13 1
83 43 0
82 3 0
38 16 0
4 27 0
36 4 1
21 7 0
53 9 1
14 38 0
94 11 0
27 1 0
80 140 0
109 25 0
94 92 0
40 100 0
107 7 1
75 21 0
67 5 1
87 14 1
43 3 0
106 30 1
107 31 1
81 16 0
56 6 0
44 4 0
18 40 1
78 16 0
82 4 1
80 23 0
65 8 0
77 15 1
65 86 0
69 82 1
9 28 1
73 39 1
24 12 0
50 19 1
40 23 0
92 1 1
44 43 0
67 79 1
6 19 0
37 18 1
7 7 1
39 29 0
94 50 0
30 14 0
84 43 0
45 34 0
39 13 0
8 43 1
57 14 0
75 48 1
31 112 0
104 22 1
35 33 1
63 46 0
72 7 1
80 139 0
37 29 0
96 6 0
105 7 1
104 124 1
14 20 0
2 48 0
88 1 0
28 8 1
104 14 1
21 1 0
14 31 0
81 40 1
26 10 1
48 34 1
102 29 0
59 21 1
1 35 0
16 4 1
42 0 1
87 2 0
74 11 0
2 8 1
13 15 1
19 7 0
71 22 1
50 51 1
78 43 0
28 50 1
78 3 0
14 33 0
95 20 1
40 39 0
29 31 0
53 131 0
94 1 0
51 7 1
44 49 0
62 77 1
37 9 1
45 50 1
6 10 0
60 16 0
92 7 1
12 50 1
57 5 0
19 103 1
73 33 1
23 7 0
42 27 1
3 75 0
82 34 1
51 43 1
9 12 1
14 27 0
34 35 0
80 122 0
98 31 1
34 6 0
103 75 1
103 19 1
105 8 1
23 10 0
61 9 0
88 11 0
35 121 0
7 50 1
42 6 0
10 16 0
93 19 0
105 40 1
60 50 0
73 14 1
101 29 1
69 41 0
99 20 1
72 76 1
48 32 1
57 22 1
2 1 1
72 21 1
64 11 0
74 29 0
12 18 1
3 27 1
92 50 1
30 18 0
13 78 0
3 51 1
97 16 1
2 19 1
5 23 0
25 7 1
76 8 0
1 19 0
37 3 1
92 15 1
66 6 0
90 23 1
70 29 0
23 78 0
59 1 1
49 1 0
80 1 0
62 82 1
33 10 0
40 51 0
9 14 1
58 85 1
90 105 0
80 3 1
99 80 0
107 43 1
57 24 0
15 14 1
77 26 0
41 18 1
9 76 1
78 39 0
46 127 0
4 6 0
23 34 1
107 29 1
8 34 1
44 23 0
103 17 1
107 18 1
78 134 0
58 20 0
24 34 1
79 9 1
57 13 0
66 23 0
58 30 1
34 0 0
10 10 0
58 31 0
71 7 1
93 24 0
61 3 0
33 5 1
41 1 1
35 5 0
73 12 1
74 19 1
13 27 0
9 2 1
20 77 1
75 18 0
38 23 0
29 12 1
99 42 0
15 20 0
100 100 0
48 43 1
42 15 1
30 11 1
51 1 1
103 109 1
34 47 0
65 11 0
66 85 0
72 1 1
74 14 0
85 1 1
57 39 1
2 64 1
102 31 0
6 6 1
108 148 0
12 9 1
100 28 0
49 8 0
63 30 0
70 43 1
69 3 0
25 80 1
33 16 0
104 7 1
16 99 0
97 49 1
40 6 0
0 25 0
58 15 0
70 21 0
35 43 0
106 5 0
24 33 1
79 76 1
98 110 1
48 5 1
105 122 1
47 5 1
4 29 0
50 23 1
9 78 0
2 21 0
104 33 1
28 33 1
53 7 0
49 24 0
13 30 1
64 5 0
27 8 1
4 19 0
3 19 1
29 81 1
11 39 1
12 34 0
89 13 1
78 105 0
11 40 1
18 21 0
29 29 0
48 27 1
33 22 1
59 28 1
107 6 1
32 113 1
51 22 1
30 5 0
101 8 1
54 4 0
86 11 0
91 9 1
71 1 1
82 19 1
14 9 0
93 14 0
6 87 1
83 1 0
71 79 1
108 129 0
34 50 0
7 33 1
2 62 1
72 80 1
70 32 1
29 6 0
78 23 0
16 97 1
100 10 0
87 28 1
9 33 1
27 24 1
52 19 0
24 3 1
59 14 1
1 25 0
15 4 0
25 22 1
39 28 1
69 136 0
28 13 1
80 34 1
89 32 1
16 21 0
2 41 1
31 2 1
12 29 1
31 30 1
53 8 1
94 10 0
70 2 0
21 8 1
75 100 0
63 51 0
35 14 0
16 30 0
79 16 1
34 11 0
86 43 1
44 76 0
69 8 1
40 101 0
56 7 1
108 18 0
11 42 1
54 3 0
97 9 1
100 18 0
65 9 0
0 28 0
77 12 0
91 3 1
9 29 1
51 39 1
67 1 1
43 4 0
62 32 1
37 19 0
19 92 0
58 27 1
108 92 0
35 108 0
38 1 0
107 20 1
8 42 0
16 73 1
34 85 0
109 14 1
64 93 0
99 5 0
14 3 0
7 8 1
50 18 1
76 21 0
40 22 0
53 77 1
50 8 1
35 30 1
38 11 0
39 21 1
57 4 0
60 33 0
14 21 0
61 26 1
49 49 0
72 8 1
83 29 1
68 10 0
49 94 0
30 32 0
26 11 1
60 76 0
41 76 1
36 79 1
109 34 1
71 13 1
92 13 1
72 30 1
74 31 0
47 78 1
87 3 1
89 78 1
107 100 0
52 32 0
79 10 1
85 10 1
105 11 1
109 2 1
43 27 0
66 10 0
16 19 1
54 21 1
53 82 0
28 51 1
69 46 0
7 10 1
53 29 1
80 10 0
19 6 0
62 27 1
41 29 1
4 76 0
6 11 0
21 11 0
91 30 1
104 90 1
103 18 1
41 16 1
41 31 1
54 51 1
108 19 0
56 93 0
73 34 1
23 4 1
94 2 0
76 28 0
50 11 1
86 22 1
34 7 0
45 19 0
87 39 1
30 86 0
61 16 0
85 3 1
60 1 0
99 83 1
79 7 1
32 30 1
14 14 0
106 19 1
35 122 0
9 11 1
4 80 0
60 51 0
95 5 1
60 29 0
40 78 0
10 19 1
37 21 1
101 79 1
17 23 0
49 43 0
48 33 1
28 5 1
9 8 1
57 29 1
99 1 0
102 21 1
3 1 1
106 29 1
16 12 0
3 20 1
33 4 0
99 34 1
15 29 0
96 29 0
41 6 1
27 79 1
35 4 1
90 147 1
29 14 0
109 33 0
76 9 0
1 18 0
72 22 1
64 16 0
51 6 1
108 10 0
8 27 1
33 11 0
94 34 0
104 19 1
15 15 1
65 34 0
88 51 0
37 8 1
66 5 0
97 1 1
90 2 1
105 144 0
25 81 0
58 21 0
79 8 1
73 7 1
96 3 0
16 51 1
48 3 1
54 109 1
76 23 0
4 5 0
44 78 0
56 73 1
42 3 1
18 101 0
71 6 1
93 27 0
44 22 0
10 8 0
49 22 0
35 1 0
9 3 1
13 26 0
88 14 0
67 13 1
39 27 1
3 8 1
48 91 1
31 21 1
15 27 0
88 30 0
96 5 0
30 10 0
77 78 0
26 109 1
105 21 1
98 39 0
77 88 1
42 23 0
96 90 0
74 13 0
10 76 0
101 50 1
45 27 0
90 18 1
84 9 0
72 16 1
38 20 1
49 9 0
22 108 1
51 0 1
76 3 0
46 5 0
52 1 0
16 98 0
0 24 0
39 92 0
40 5 0
71 30 1
81 21 1
92 16 1
84 18 0
104 31 1
48 4 1
63 16 0
32 15 0
95 51 1
22 80 1
95 47 0
41 15 1
21 33 0
56 11 1
35 42 1
63 8 1
106 13 0
88 29 0
83 91 0
105 9 1
10 82 1
27 9 0
80 7 0
86 9 1
81 92 1
85 8 1
34 111 0
3 18 1
91 15 1
44 79 0
29 86 0
28 34 1
108 1 0
60 28 0
92 30 1
33 21 0
43 21 0
34 10 0
40 95 1
23 80 0
54 5 1
62 24 1
86 16 1
107 22 1
107 9 1
46 19 0
98 1 0
18 22 0
11 43 1
90 43 1
7 32 1
2 61 0
0 9 0
54 105 1
29 7 0
48 23 1
65 19 0
38 8 1
97 29 1
26 50 0
9 32 1
83 21 0
59 15 1
16 66 1
6 86 0
83 2 0
21 28 1
16 72 1
12 77 0
64 79 0
73 23 1
45 5 0
28 10 1
31 1 1
43 75 0
29 30 0
67 30 1
1 22 0
22 48 1
15 7 0
21 9 0
101 18 1
64 92 0
98 15 0
90 1 1
16 33 1
11 80 1
67 8 1
38 14 0
60 30 0
29 43 0
36 6 1
78 6 0
11 31 1
68 39 0
108 23 0
16 32 0
80 78 0
93 107 0
84 16 0
90 79 1
20 4 1
43 28 0
22 15 1
33 27 0
79 91 1
78 21 0
13 18 0
56 4 1
99 3 0
41 49 1
30 29 0
78 14 0
70 22 0
93 46 0
106 33 0
97 22 1
15 47 1
29 1 0
7 9 1
14 4 0
24 10 0
71 49 1
90 49 1
94 6 0
72 40 1
84 21 0
57 3 0
47 39 1
23 5 0
59 31 1
16 29 1
93 79 0
85 51 1
1 28 0
64 8 0
96 7 0
70 1 0
35 31 0
50 4 1
80 9 1
80 9 0
85 33 1
17 95 1
71 14 1
11 15 1
61 27 0
35 20 0
79 11 1
75 34 0
56 5 1
101 88 1
59 129 1
87 51 1
21 3 0
86 28 1
73 9 1
87 19 0
10 51 1
29 93 0
102 5 0
52 22 0
72 19 0
62 49 0
44 1 0
9 9 1
30 92 0
18 19 0
52 92 0
67 9 1
19 1 1
92 22 1
66 11 0
16 18 0
93 90 0
59 19 1
54 22 1
41 30 1
85 32 1
75 139 0
100 95 1
94 3 0
50 10 1
76 29 0
86 7 1
89 28 1
65 82 0
83 90 0
69 22 1
21 10 1
6 16 0
90 21 0
38 31 0
81 27 1
65 29 0
22 30 1
19 31 0
37 31 1
34 8 0
26 32 1
48 79 1
9 10 1
61 19 0
70 8 0
78 31 0
34 4 0
42 8 0
10 18 0
37 20 1
41 9 1
35 123 0
17 22 0
13 82 0
93 21 0
79 24 1
73 43 1
95 4 1
33 7 0
27 78 1
41 7 1
42 40 0
30 16 1
72 23 1
84 7 0
90 146 1
16 11 0
75 10 0
3 21 1
53 129 1
45 4 0
68 23 0
59 103 1
8 15 1
5 21 1
63 34 1
80 18 1
44 5 0
73 28 1
53 18 1
47 27 1
89 23 1
37 5 0
66 4 0
59 3 1
21 19 0
104 18 1
62 80 1
45 12 0
35 118 1
46 4 0
104 43 1
52 6 0
30 47 1
0 27 0
100 13 0
4 4 0
96 40 0
70 23 0
97 0 1
8 32 1
106 11 0
10 9 1
57 103 0
83 7 0
67 12 1
50 33 1
3 9 1
94 46 0
104 37 1
24 23 1
71 5 1
108 29 0
55 18 0
75 107 0
60 27 0
16 30 1
34 19 0
103 13 1
54 19 1
84 8 0
95 10 1
62 15 1
24 27 1
94 42 0
98 8 1
15 26 0
101 51 0
105 81 1
51 3 1
98 101 0
20 81 0
37 79 0
101 7 1
5 28 0
25 8 1
85 44 1
70 30 0
76 75 0
71 31 1
104 107 1
31 80 1
32 90 1
45 79 0
40 27 0
63 15 1
32 14 0
67 42 1
27 22 1
98 49 0
83 22 1
45 30 0
5 19 0
61 82 0
98 23 1
63 9 0
106 7 0
83 41 0
8 88 1
20 30 1
77 49 0
52 43 0
66 32 0
92 19 1
106 6 0
41 14 1
80 142 0
105 4 0
55 5 0
102 22 1
77 30 1
89 18 1
53 5 0
88 28 0
50 34 1
70 6 0
43 22 0
100 80 0
71 43 1
62 9 1
59 16 0
11 32 1
107 8 1
18 23 1
51 90 1
48 21 1
44 3 0
12 81 1
30 3 1
38 9 0
23 81 0
3 47 1
23 76 0
62 34 1
83 3 0
80 112 0
2 60 0
22 75 0
0 8 0
26 29 1
16 75 0
15 78 1
93 45 0
24 11 0
56 101 0
1 23 0
15 6 0
21 29 1
43 19 0
82 95 1
65 50 0
12 27 1
58 14 1
96 19 1
99 10 0
36 7 1
73 22 1
2 34 0
28 11 1
101 19 1
45 2 0
2 43 0
85 18 1
46 23 0
24 50 0
85 43 1
42 11 1
16 32 1
35 16 1
43 29 0
52 28 0
74 33 1
87 5 1
55 14 0
97 23 1
10 21 1
7 79 1
36 3 1
7 27 1
27 16 1
2 5 0
94 27 0
20 7 0
86 18 1
80 31 1
84 26 0
5 51 0
93 9 0
87 11 1
43 6 0
92 39 1
45 6 0
62 21 1
79 43 1
22 51 1
81 29 1
42 24 1
67 111 1
102 2 1
25 51 1
94 4 1
24 18 1
80 51 0
109 79 0
50 5 1
80 8 0
72 43 1
39 23 0
19 29 0
48 88 1
11 12 0
35 23 0
31 43 1
28 18 1
65 42 0
95 19 1
1 29 0
87 50 1
36 1 1
21 4 0
26 13 1
2 45 1
104 28 1
71 15 0
